[1000, 262, 131, 352]
[1500, 1507, 300, 683]
[2000, 591, 317, 813]
[2500, 739, 411, 1024]
[3000, 952, 476, 1262]
[3500, 1067, 561, 1503]
[4000, 1244, 717, 1777]
[4500, 1440, 779, 2003]
[5000, 1604, 831, 2271]
[5500, 1785, 944, 2534]
[6000, 1998, 1015, 2797]
[6500, 2139, 1204, 3090]
[7000, 2397, 1231, 3345]
[7500, 2516, 1357, 3727]
[8000, 2687, 1560, 3991]
[8500, 2943, 1611, 4181]
[9000, 3139, 1701, 4486]
[9500, 3273, 1734, 4943]
[10000, 3537, 1858, 5020]
[1000, 270, 145, 368]
[1050, 283, 142, 378]
[1100, 296, 155, 399]
[1150, 311, 167, 419]
[1200, 326, 173, 440]
[1250, 339, 175, 463]
[1300, 353, 187, 487]
[1350, 376, 203, 526]
[1400, 389, 200, 530]
[1450, 404, 209, 553]
[1500, 419, 219, 575]
[1550, 428, 237, 602]
[1600, 448, 227, 619]
[1650, 462, 248, 644]
[1700, 478, 252, 666]
[1750, 499, 255, 689]
[1800, 516, 264, 711]
[1850, 529, 276, 750]
[1900, 551, 297, 773]
[1950, 567, 286, 785]
[2000, 572, 291, 805]
[2050, 595, 323, 825]
[2100, 612, 342, 870]
[2150, 638, 352, 882]
[2200, 657, 357, 902]
[2250, 669, 354, 938]
[2300, 703, 369, 951]
[2350, 698, 359, 969]
[2400, 717, 367, 989]
[2450, 731, 380, 1015]
[2500, 746, 395, 1044]
[2550, 779, 412, 1068]
[2600, 778, 410, 1093]
[2650, 796, 424, 1108]
[2700, 818, 428, 1150]
[2750, 839, 463, 1164]
[2800, 846, 460, 1191]
[2850, 859, 456, 1204]
[2900, 883, 477, 1251]
[2950, 901, 479, 1308]
[3000, 922, 470, 1304]
[3050, 943, 480, 1322]
[3100, 950, 487, 1339]
[3150, 956, 505, 1360]
[3200, 974, 521, 1363]
[3250, 997, 535, 1416]
[3300, 1010, 525, 1435]
[3350, 1026, 531, 1450]
[3400, 1053, 543, 1495]
[3450, 1065, 547, 1514]
[3500, 1085, 568, 1526]
[3550, 1104, 594, 1550]
[3600, 1112, 623, 1573]
[3650, 1127, 615, 1620]
[3700, 1164, 634, 1641]
[3750, 1168, 620, 1647]
[3800, 1180, 628, 1681]
[3850, 1200, 656, 1704]
[3900, 1216, 659, 1724]
[3950, 1237, 666, 1762]
[4000, 1247, 705, 1791]
[4050, 1261, 675, 1801]
[4100, 1293, 676, 1826]
[4150, 1333, 694, 1852]
[4200, 1338, 724, 1885]
[4250, 1360, 708, 1904]
[4300, 1369, 717, 1944]
[4350, 1391, 755, 1968]
[4400, 1404, 747, 2057]
[4450, 1473, 786, 2004]
[4500, 1441, 798, 2032]
[4550, 1464, 771, 2062]
[4600, 1473, 837, 2092]
[4650, 1502, 799, 2132]
[4700, 1508, 783, 2129]
[4750, 1532, 839, 2176]
[4800, 1552, 830, 2181]
[4850, 1574, 834, 2210]
[4900, 1593, 878, 2229]
[4950, 1592, 866, 2281]
[5000, 1620, 877, 2296]
[5050, 1666, 934, 2313]
[5100, 1660, 875, 2338]
[5150, 1676, 896, 2383]
[5200, 1697, 925, 2462]
[5250, 1768, 923, 2460]
[5300, 1725, 938, 2527]
[5350, 1766, 956, 2492]
[5400, 1799, 962, 2521]
[5450, 1773, 949, 2534]
[5500, 1794, 970, 2569]
[5550, 1811, 960, 2612]
[5600, 1852, 985, 2626]
[5650, 1860, 959, 2643]
[5700, 1886, 1029, 2680]
[5750, 1894, 1009, 2699]
[5800, 1906, 1000, 2734]
[5850, 1916, 1030, 2755]
[5900, 1943, 1055, 2791]
[5950, 1951, 1051, 2812]
[6000, 1990, 1012, 2836]
[6050, 1987, 1036, 2880]
[6100, 2016, 1047, 2904]
[6150, 2014, 1077, 2967]
[6200, 2064, 1145, 2963]
[6250, 2062, 1131, 2973]
[6300, 2079, 1147, 2990]
[6350, 2097, 1140, 3049]
[6400, 2140, 1138, 3046]
[6450, 2197, 1177, 3170]
[6500, 2357, 1217, 3168]
[6550, 2205, 1285, 3323]
[6600, 2271, 1503, 5099]
[6650, 2385, 1319, 3653]
[6700, 2297, 1285, 3228]
[6750, 2249, 1220, 3269]
[6800, 2282, 1236, 3265]
[6850, 2277, 1220, 3306]
[6900, 2310, 1245, 3329]
[6950, 2313, 1279, 3345]
[7000, 2370, 1250, 3386]
[7050, 2353, 1287, 3387]
[7100, 2386, 1315, 3448]
[7150, 2417, 1348, 3471]
[7200, 2431, 1345, 3618]
[7250, 2449, 1315, 3508]
[7300, 2476, 1305, 3549]
[7350, 2477, 1304, 3588]
[7400, 2473, 1334, 3618]
[7450, 2580, 1418, 3746]
[7500, 2614, 1375, 3761]
[7550, 2551, 1366, 3692]
[7600, 2550, 1369, 3739]
[7650, 2561, 1359, 3740]
[7700, 2601, 1424, 3769]
[7750, 2620, 1455, 3801]
[7800, 2646, 1408, 3810]
[7850, 2650, 1398, 3864]
[7900, 2678, 1448, 3950]
[7950, 2670, 1435, 3939]
[8000, 2710, 1431, 4040]
[8050, 2714, 1479, 3970]
[8100, 2740, 1415, 3983]
[8150, 2803, 1496, 4004]
[8200, 2780, 1612, 4044]
[8250, 2835, 1538, 4251]
[8300, 2853, 1566, 4148]
[8350, 2857, 1559, 4144]
[8400, 2869, 1599, 4211]
[8450, 2887, 1519, 4208]
[8500, 2950, 1705, 4235]
[8550, 2928, 1650, 4320]
[8600, 2942, 1562, 4269]
[8650, 3052, 1625, 4317]
[8700, 2973, 1555, 4324]
[8750, 3014, 1611, 4375]
[8800, 3026, 1571, 4389]
[8850, 3047, 1659, 4430]
[8900, 3075, 1612, 4458]
[8950, 3090, 1623, 4467]
[9000, 3116, 1731, 4496]
[9050, 3144, 1659, 4536]
[9100, 3159, 1669, 4533]
[9150, 3174, 1685, 4570]
[9200, 3289, 1746, 4566]
[9250, 3216, 1776, 4673]
[9300, 3244, 1741, 4697]
[9350, 3252, 1663, 4782]
[9400, 3274, 1774, 4748]
[9450, 3280, 1753, 4857]
[9500, 3273, 1735, 4845]
[9550, 3295, 1803, 4870]
[9600, 3323, 1723, 4937]
[9650, 3376, 1802, 4916]
[9700, 3352, 1879, 4894]
[9750, 3376, 1838, 4963]
[9800, 3389, 1826, 5071]
[9850, 3438, 1891, 5089]
[9900, 3469, 1870, 5022]
[9950, 3461, 1820, 5097]
[10000, 3525, 1903, 5105]
